Formats and units:
    Day/Time format: YY/MM/DD HH.HHHHH
    Degrees/Hemisphere format: Decimal degrees with 2 place(s).
        Longitude 0 to 360, latitude -90 to 90.
    Distance format: Kilometers with 2 place(s).

themisd
       Time                         GEI (km)                  
yy/mm/dd hh.hhhhh        X              Y              Z      

23/07/31  0.00000       56739.20       37606.90        8703.45
23/07/31  0.01667       56637.30       37619.60        8690.82
23/07/31  0.03333       56535.30       37632.00        8678.15
23/07/31  0.05000       56432.90       37644.30        8665.44
23/07/31  0.06667       56330.30       37656.50        8652.69
23/07/31  0.08333       56227.50       37668.50        8639.90
23/07/31  0.10000       56124.40       37680.20        8627.08
23/07/31  0.11667       56021.10       37691.90        8614.21
23/07/31  0.13333       55917.50       37703.30        8601.31
23/07/31  0.15000       55813.60       37714.60        8588.36
23/07/31  0.16667       55709.50       37725.70        8575.38
23/07/31  0.18333       55605.10       37736.70        8562.36
23/07/31  0.20000       55500.50       37747.40        8549.30
23/07/31  0.21667       55395.60       37758.00        8536.20
23/07/31  0.23333       55290.50       37768.40        8523.05
23/07/31  0.25000       55185.10       37778.70        8509.87
23/07/31  0.26667       55079.40       37788.70        8496.65
23/07/31  0.28333       54973.50       37798.60        8483.39
23/07/31  0.30000       54867.30       37808.30        8470.09
23/07/31  0.31667       54760.90       37817.80        8456.75
23/07/31  0.33333       54654.20       37827.20        8443.37
23/07/31  0.35000       54547.20       37836.30        8429.95
23/07/31  0.36667       54440.00       37845.30        8416.49
23/07/31  0.38333       54332.50       37854.10        8402.98
23/07/31  0.40000       54224.80       37862.70        8389.44
23/07/31  0.41667       54116.80       37871.20        8375.86
23/07/31  0.43333       54008.50       37879.40        8362.23
23/07/31  0.45000       53900.00       37887.50        8348.57
23/07/31  0.46667       53791.20       37895.40        8334.86
23/07/31  0.48333       53682.10       37903.10        8321.12
23/07/31  0.50000       53572.80       37910.60        8307.33
23/07/31  0.51667       53463.20       37917.90        8293.50
23/07/31  0.53333       53353.30       37925.00        8279.63
23/07/31  0.55000       53243.20       37931.90        8265.72
23/07/31  0.56667       53132.80       37938.70        8251.77
23/07/31  0.58333       53022.20       37945.20        8237.77
23/07/31  0.60000       52911.20       37951.60        8223.74
23/07/31  0.61667       52800.00       37957.80        8209.66
23/07/31  0.63333       52688.60       37963.80        8195.54
23/07/31  0.65000       52576.80       37969.60        8181.38
23/07/31  0.66667       52464.80       37975.20        8167.17
23/07/31  0.68333       52352.60       37980.50        8152.93
23/07/31  0.70000       52240.00       37985.70        8138.64
23/07/31  0.71667       52127.20       37990.80        8124.31
23/07/31  0.73333       52014.10       37995.60        8109.94
23/07/31  0.75000       51900.70       38000.20        8095.52
23/07/31  0.76667       51787.10       38004.60        8081.06
23/07/31  0.78333       51673.20       38008.80        8066.56
23/07/31  0.80000       51559.00       38012.80        8052.02
23/07/31  0.81667       51444.50       38016.60        8037.43
23/07/31  0.83333       51329.80       38020.20        8022.80
23/07/31  0.85000       51214.80       38023.50        8008.13
23/07/31  0.86667       51099.50       38026.70        7993.42
23/07/31  0.88333       50983.90       38029.70        7978.66
23/07/31  0.90000       50868.10       38032.50        7963.85
23/07/31  0.91667       50752.00       38035.00        7949.01
23/07/31  0.93333       50635.60       38037.40        7934.12
23/07/31  0.95000       50518.90       38039.50        7919.18
23/07/31  0.96667       50401.90       38041.50        7904.21
23/07/31  0.98333       50284.70       38043.20        7889.19
23/07/31  1.00000       50167.20       38044.70        7874.12
23/07/31  1.01667       50049.40       38046.00        7859.01
23/07/31  1.03333       49931.30       38047.10        7843.86
23/07/31  1.05000       49812.90       38047.90        7828.66
23/07/31  1.06667       49694.30       38048.60        7813.41
23/07/31  1.08333       49575.30       38049.00        7798.13
23/07/31  1.10000       49456.10       38049.20        7782.79
23/07/31  1.11667       49336.60       38049.20        7767.42
23/07/31  1.13333       49216.80       38049.00        7751.99
23/07/31  1.15000       49096.70       38048.60        7736.53
23/07/31  1.16667       48976.40       38047.90        7721.01
23/07/31  1.18333       48855.70       38047.00        7705.46
23/07/31  1.20000       48734.80       38045.90        7689.85
23/07/31  1.21667       48613.50       38044.50        7674.20
23/07/31  1.23333       48492.00       38042.90        7658.51
23/07/31  1.25000       48370.20       38041.10        7642.77
23/07/31  1.26667       48248.10       38039.10        7626.98
23/07/31  1.28333       48125.70       38036.90        7611.15
23/07/31  1.30000       48003.00       38034.40        7595.27
23/07/31  1.31667       47880.00       38031.60        7579.34
23/07/31  1.33333       47756.80       38028.70        7563.37
23/07/31  1.35000       47633.20       38025.50        7547.35
23/07/31  1.36667       47509.30       38022.10        7531.28
23/07/31  1.38333       47385.20       38018.40        7515.17
23/07/31  1.40000       47260.70       38014.50        7499.01
23/07/31  1.41667       47135.90       38010.40        7482.80
23/07/31  1.43333       47010.90       38006.00        7466.55
23/07/31  1.45000       46885.50       38001.40        7450.25
23/07/31  1.46667       46759.90       37996.50        7433.90
23/07/31  1.48333       46633.90       37991.40        7417.50
23/07/31  1.50000       46507.70       37986.00        7401.06
23/07/31  1.51667       46381.10       37980.40        7384.57
23/07/31  1.53333       46254.30       37974.60        7368.03
23/07/31  1.55000       46127.10       37968.50        7351.44
23/07/31  1.56667       45999.70       37962.20        7334.80
23/07/31  1.58333       45871.90       37955.60        7318.12
23/07/31  1.60000       45743.80       37948.70        7301.38
23/07/31  1.61667       45615.50       37941.60        7284.60
23/07/31  1.63333       45486.80       37934.30        7267.77
23/07/31  1.65000       45357.80       37926.60        7250.89
23/07/31  1.66667       45228.50       37918.80        7233.96
23/07/31  1.68333       45098.90       37910.70        7216.98
23/07/31  1.70000       44969.00       37902.30        7199.95
23/07/31  1.71667       44838.80       37893.60        7182.87
23/07/31  1.73333       44708.20       37884.70        7165.74
23/07/31  1.75000       44577.40       37875.50        7148.56
23/07/31  1.76667       44446.20       37866.10        7131.34
23/07/31  1.78333       44314.70       37856.40        7114.06
23/07/31  1.80000       44182.90       37846.40        7096.73
23/07/31  1.81667       44050.80       37836.10        7079.35
23/07/31  1.83333       43918.40       37825.60        7061.92
23/07/31  1.85000       43785.70       37814.80        7044.44
23/07/31  1.86667       43652.60       37803.80        7026.90
23/07/31  1.88333       43519.30       37792.40        7009.32
23/07/31  1.90000       43385.60       37780.80        6991.68
23/07/31  1.91667       43251.60       37768.90        6974.00
23/07/31  1.93333       43117.20       37756.70        6956.26
23/07/31  1.95000       42982.60       37744.30        6938.47
23/07/31  1.96667       42847.60       37731.50        6920.63
23/07/31  1.98333       42712.30       37718.50        6902.73
23/07/31  2.00000       42576.70       37705.20        6884.79
23/07/31  2.01667       42440.70       37691.60        6866.79
23/07/31  2.03333       42304.50       37677.70        6848.74
23/07/31  2.05000       42167.90       37663.50        6830.63
23/07/31  2.06667       42030.90       37649.10        6812.47
23/07/31  2.08333       41893.70       37634.30        6794.26
23/07/31  2.10000       41756.10       37619.20        6776.00
23/07/31  2.11667       41618.20       37603.90        6757.68
23/07/31  2.13333       41479.90       37588.20        6739.31
23/07/31  2.15000       41341.40       37572.20        6720.88
23/07/31  2.16667       41202.40       37556.00        6702.40
23/07/31  2.18333       41063.20       37539.40        6683.87
23/07/31  2.20000       40923.60       37522.50        6665.28
23/07/31  2.21667       40783.70       37505.40        6646.63
23/07/31  2.23333       40643.40       37487.90        6627.94
23/07/31  2.25000       40502.90       37470.10        6609.18
23/07/31  2.26667       40361.90       37451.90        6590.37
23/07/31  2.28333       40220.70       37433.50        6571.51
23/07/31  2.30000       40079.00       37414.80        6552.59
23/07/31  2.31667       39937.10       37395.70        6533.61
23/07/31  2.33333       39794.80       37376.30        6514.58
23/07/31  2.35000       39652.20       37356.60        6495.49
23/07/31  2.36667       39509.20       37336.60        6476.35
23/07/31  2.38333       39365.90       37316.20        6457.15
23/07/31  2.40000       39222.20       37295.50        6437.89
23/07/31  2.41667       39078.20       37274.50        6418.58
23/07/31  2.43333       38933.80       37253.10        6399.20
23/07/31  2.45000       38789.10       37231.40        6379.77
23/07/31  2.46667       38644.00       37209.40        6360.29
23/07/31  2.48333       38498.60       37187.10        6340.74
23/07/31  2.50000       38352.80       37164.40        6321.14
23/07/31  2.51667       38206.70       37141.30        6301.48
23/07/31  2.53333       38060.20       37117.90        6281.76
23/07/31  2.55000       37913.30       37094.20        6261.98
23/07/31  2.56667       37766.10       37070.10        6242.14
23/07/31  2.58333       37618.60       37045.60        6222.24
23/07/31  2.60000       37470.70       37020.90        6202.29
23/07/31  2.61667       37322.40       36995.70        6182.27
23/07/31  2.63333       37173.80       36970.20        6162.19
23/07/31  2.65000       37024.80       36944.30        6142.06
23/07/31  2.66667       36875.40       36918.10        6121.86
23/07/31  2.68333       36725.70       36891.50        6101.61
23/07/31  2.70000       36575.60       36864.50        6081.29
23/07/31  2.71667       36425.10       36837.20        6060.91
23/07/31  2.73333       36274.30       36809.50        6040.47
23/07/31  2.75000       36123.10       36781.40        6019.97
23/07/31  2.76667       35971.50       36752.90        5999.40
23/07/31  2.78333       35819.60       36724.10        5978.78
23/07/31  2.80000       35667.20       36694.90        5958.09
23/07/31  2.81667       35514.60       36665.30        5937.34
23/07/31  2.83333       35361.50       36635.30        5916.53
23/07/31  2.85000       35208.00       36604.90        5895.65
23/07/31  2.86667       35054.20       36574.10        5874.71
23/07/31  2.88333       34900.00       36542.90        5853.71
23/07/31  2.90000       34745.40       36511.40        5832.64
23/07/31  2.91667       34590.50       36479.40        5811.51
23/07/31  2.93333       34435.10       36447.00        5790.32
23/07/31  2.95000       34279.40       36414.20        5769.06
23/07/31  2.96667       34123.30       36381.00        5747.73
23/07/31  2.98333       33966.80       36347.40        5726.34
23/07/31  3.00000       33809.90       36313.40        5704.89
23/07/31  3.01667       33652.60       36279.00        5683.37
23/07/31  3.03333       33495.00       36244.10        5661.78
23/07/31  3.05000       33336.90       36208.80        5640.13
23/07/31  3.06667       33178.40       36173.10        5618.41
23/07/31  3.08333       33019.60       36137.00        5596.62
23/07/31  3.10000       32860.30       36100.40        5574.77
23/07/31  3.11667       32700.70       36063.40        5552.85
23/07/31  3.13333       32540.60       36025.90        5530.86
23/07/31  3.15000       32380.20       35988.00        5508.80
23/07/31  3.16667       32219.40       35949.70        5486.67
23/07/31  3.18333       32058.10       35910.90        5464.48
23/07/31  3.20000       31896.50       35871.60        5442.22
23/07/31  3.21667       31734.40       35831.90        5419.89
23/07/31  3.23333       31571.90       35791.80        5397.48
23/07/31  3.25000       31409.10       35751.10        5375.01
23/07/31  3.26667       31245.80       35710.10        5352.47
23/07/31  3.28333       31082.10       35668.50        5329.86
23/07/31  3.30000       30918.00       35626.40        5307.18
23/07/31  3.31667       30753.40       35583.90        5284.42
23/07/31  3.33333       30588.50       35540.90        5261.60
23/07/31  3.35000       30423.10       35497.50        5238.70
23/07/31  3.36667       30257.40       35453.50        5215.73
23/07/31  3.38333       30091.20       35409.00        5192.69
23/07/31  3.40000       29924.50       35364.10        5169.57
23/07/31  3.41667       29757.50       35318.60        5146.38
23/07/31  3.43333       29590.00       35272.60        5123.12
23/07/31  3.45000       29422.10       35226.10        5099.78
23/07/31  3.46667       29253.80       35179.10        5076.37
23/07/31  3.48333       29085.00       35131.60        5052.89
23/07/31  3.50000       28915.80       35083.60        5029.33
23/07/31  3.51667       28746.20       35035.10        5005.69
23/07/31  3.53333       28576.20       34986.00        4981.98
23/07/31  3.55000       28405.70       34936.30        4958.19
23/07/31  3.56667       28234.70       34886.20        4934.33
23/07/31  3.58333       28063.30       34835.50        4910.39
23/07/31  3.60000       27891.50       34784.20        4886.37
23/07/31  3.61667       27719.30       34732.40        4862.27
23/07/31  3.63333       27546.60       34680.10        4838.10
23/07/31  3.65000       27373.40       34627.10        4813.85
23/07/31  3.66667       27199.80       34573.60        4789.52
23/07/31  3.68333       27025.80       34519.60        4765.11
23/07/31  3.70000       26851.30       34464.90        4740.61
23/07/31  3.71667       26676.30       34409.70        4716.04
23/07/31  3.73333       26500.90       34353.90        4691.39
23/07/31  3.75000       26325.00       34297.50        4666.66
23/07/31  3.76667       26148.70       34240.50        4641.85
23/07/31  3.78333       25971.90       34182.80        4616.95
23/07/31  3.80000       25794.60       34124.60        4591.97
23/07/31  3.81667       25616.90       34065.80        4566.91
23/07/31  3.83333       25438.70       34006.30        4541.77
23/07/31  3.85000       25260.10       33946.20        4516.54
23/07/31  3.86667       25080.90       33885.50        4491.23
23/07/31  3.88333       24901.30       33824.20        4465.83
23/07/31  3.90000       24721.30       33762.20        4440.35
23/07/31  3.91667       24540.70       33699.50        4414.79
23/07/31  3.93333       24359.70       33636.20        4389.13
23/07/31  3.95000       24178.20       33572.30        4363.40
23/07/31  3.96667       23996.20       33507.60        4337.57
23/07/31  3.98333       23813.70       33442.30        4311.66
23/07/31  4.00000       23630.80       33376.30        4285.65
23/07/31  4.01667       23447.30       33309.60        4259.56
23/07/31  4.03333       23263.40       33242.30        4233.39
23/07/31  4.05000       23079.00       33174.20        4207.12
23/07/31  4.06667       22894.00       33105.40        4180.76
23/07/31  4.08333       22708.60       33035.90        4154.31
23/07/31  4.10000       22522.70       32965.60        4127.77
23/07/31  4.11667       22336.30       32894.70        4101.14
23/07/31  4.13333       22149.40       32823.00        4074.41
23/07/31  4.15000       21962.00       32750.50        4047.60
23/07/31  4.16667       21774.00       32677.30        4020.69
23/07/31  4.18333       21585.60       32603.40        3993.68
23/07/31  4.20000       21396.70       32528.60        3966.59
23/07/31  4.21667       21207.20       32453.10        3939.39
23/07/31  4.23333       21017.20       32376.80        3912.11
23/07/31  4.25000       20826.70       32299.70        3884.72
23/07/31  4.26667       20635.70       32221.80        3857.24
23/07/31  4.28333       20444.20       32143.10        3829.66
23/07/31  4.30000       20252.20       32063.60        3801.99
23/07/31  4.31667       20059.60       31983.20        3774.21
23/07/31  4.33333       19866.50       31902.00        3746.34
23/07/31  4.35000       19672.90       31819.90        3718.36
23/07/31  4.36667       19478.70       31737.00        3690.29
23/07/31  4.38333       19284.00       31653.20        3662.11
23/07/31  4.40000       19088.80       31568.60        3633.84
23/07/31  4.41667       18893.00       31483.00        3605.46
23/07/31  4.43333       18696.70       31396.50        3576.97
23/07/31  4.45000       18499.80       31309.20        3548.39
23/07/31  4.46667       18302.40       31220.90        3519.70
23/07/31  4.48333       18104.50       31131.70        3490.90
23/07/31  4.50000       17906.00       31041.50        3462.00
23/07/31  4.51667       17707.00       30950.40        3432.99
23/07/31  4.53333       17507.40       30858.30        3403.88
23/07/31  4.55000       17307.20       30765.30        3374.65
23/07/31  4.56667       17106.50       30671.20        3345.32
23/07/31  4.58333       16905.30       30576.20        3315.88
23/07/31  4.60000       16703.40       30480.10        3286.33
23/07/31  4.61667       16501.00       30383.00        3256.67
23/07/31  4.63333       16298.10       30284.90        3226.90
23/07/31  4.65000       16094.60       30185.70        3197.01
23/07/31  4.66667       15890.50       30085.40        3167.01
23/07/31  4.68333       15685.80       29984.10        3136.90
23/07/31  4.70000       15480.60       29881.60        3106.67
23/07/31  4.71667       15274.80       29778.10        3076.33
23/07/31  4.73333       15068.40       29673.40        3045.87
23/07/31  4.75000       14861.40       29567.60        3015.29
23/07/31  4.76667       14653.90       29460.60        2984.60
23/07/31  4.78333       14445.70       29352.50        2953.78
23/07/31  4.80000       14237.00       29243.10        2922.85
23/07/31  4.81667       14027.70       29132.60        2891.80
23/07/31  4.83333       13817.80       29020.80        2860.62
23/07/31  4.85000       13607.30       28907.80        2829.33
23/07/31  4.86667       13396.20       28793.60        2797.91
23/07/31  4.88333       13184.60       28678.10        2766.36
23/07/31  4.90000       12972.30       28561.20        2734.70
23/07/31  4.91667       12759.50       28443.10        2702.90
23/07/31  4.93333       12546.00       28323.60        2670.98
23/07/31  4.95000       12331.90       28202.80        2638.93
23/07/31  4.96667       12117.30       28080.60        2606.76
23/07/31  4.98333       11902.00       27957.00        2574.45
23/07/31  5.00000       11686.20       27832.00        2542.01
23/07/31  5.01667       11469.70       27705.60        2509.45
23/07/31  5.03333       11252.60       27577.70        2476.75
23/07/31  5.05000       11035.00       27448.30        2443.91
23/07/31  5.06667       10816.70       27317.40        2410.95
23/07/31  5.08333       10597.80       27185.00        2377.84
23/07/31  5.10000       10378.30       27051.00        2344.61
23/07/31  5.11667       10158.20       26915.50        2311.23
23/07/31  5.13333        9937.52       26778.30        2277.72
23/07/31  5.15000        9716.21       26639.50        2244.07
23/07/31  5.16667        9494.29       26499.00        2210.27
23/07/31  5.18333        9271.77       26356.90        2176.34
23/07/31  5.20000        9048.65       26213.00        2142.27
23/07/31  5.21667        8824.92       26067.40        2108.05
23/07/31  5.23333        8600.59       25920.00        2073.69
23/07/31  5.25000        8375.66       25770.80        2039.18
23/07/31  5.26667        8150.13       25619.80        2004.53
23/07/31  5.28333        7924.00       25466.90        1969.73
23/07/31  5.30000        7697.28       25312.00        1934.78
23/07/31  5.31667        7469.97       25155.30        1899.69
23/07/31  5.33333        7242.07       24996.50        1864.44
23/07/31  5.35000        7013.58       24835.70        1829.05
23/07/31  5.36667        6784.51       24672.90        1793.50
23/07/31  5.38333        6554.87       24507.90        1757.80
23/07/31  5.40000        6324.65       24340.90        1721.94
23/07/31  5.41667        6093.87       24171.60        1685.94
23/07/31  5.43333        5862.53       24000.10        1649.77
23/07/31  5.45000        5630.63       23826.40        1613.45
23/07/31  5.46667        5398.18       23650.30        1576.98
23/07/31  5.48333        5165.20       23471.90        1540.35
23/07/31  5.50000        4931.68       23291.10        1503.55
23/07/31  5.51667        4697.65       23107.80        1466.60
23/07/31  5.53333        4463.10       22921.90        1429.49
23/07/31  5.55000        4228.05       22733.60        1392.22
23/07/31  5.56667        3992.52       22542.60        1354.79
23/07/31  5.58333        3756.51       22348.90        1317.20
23/07/31  5.60000        3520.03       22152.40        1279.45
23/07/31  5.61667        3283.12       21953.20        1241.53
23/07/31  5.63333        3045.77       21751.10        1203.45
23/07/31  5.65000        2808.02       21546.00        1165.21
23/07/31  5.66667        2569.87       21338.00        1126.81
23/07/31  5.68333        2331.35       21126.90        1088.24
23/07/31  5.70000        2092.49       20912.60        1049.52
23/07/31  5.71667        1853.30       20695.20        1010.63
23/07/31  5.73333        1613.82       20474.40         971.58
23/07/31  5.75000        1374.07       20250.20         932.37
23/07/31  5.76667        1134.09       20022.60         893.00
23/07/31  5.78333         893.91       19791.40         853.47
23/07/31  5.80000         653.56       19556.60         813.78
23/07/31  5.81667         413.09       19318.10         773.94
23/07/31  5.83333         172.53       19075.70         733.95
23/07/31  5.85000         -68.05       18829.30         693.80
23/07/31  5.86667        -308.63       18579.00         653.51
23/07/31  5.88333        -549.13       18324.50         613.07
23/07/31  5.90000        -789.51       18065.70         572.48
23/07/31  5.91667       -1029.70       17802.50         531.76
23/07/31  5.93333       -1269.62       17534.90         490.90
23/07/31  5.95000       -1509.21       17262.60         449.92
23/07/31  5.96667       -1748.38       16985.60         408.81
23/07/31  5.98333       -1987.05       16703.60         367.58
23/07/31  6.00000       -2225.12       16416.70         326.24
23/07/31  6.01667       -2462.48       16124.50         284.80
23/07/31  6.03333       -2699.03       15827.00         243.26
23/07/31  6.05000       -2934.65       15524.10         201.65
23/07/31  6.06667       -3169.19       15215.50         159.95
23/07/31  6.08333       -3402.53       14901.00         118.20
23/07/31  6.10000       -3634.49       14580.60          76.40
23/07/31  6.11667       -3864.92       14254.00          34.56
23/07/31  6.13333       -4093.62       13921.10          -7.29
23/07/31  6.15000       -4320.40       13581.60         -49.13
23/07/31  6.16667       -4545.03       13235.40         -90.95
23/07/31  6.18333       -4767.28       12882.20        -132.73
23/07/31  6.20000       -4986.89       12522.00        -174.42
23/07/31  6.21667       -5203.58       12154.30        -216.02
23/07/31  6.23333       -5417.03       11779.20        -257.48
23/07/31  6.25000       -5626.91       11396.30        -298.77
23/07/31  6.26667       -5832.86       11005.40        -339.86
23/07/31  6.28333       -6034.48       10606.30        -380.69
23/07/31  6.30000       -6231.33       10198.90        -421.22
23/07/31  6.31667       -6422.95        9782.94        -461.39
23/07/31  6.33333       -6608.83        9358.22        -501.15
23/07/31  6.35000       -6788.42        8924.60        -540.44
23/07/31  6.36667       -6961.10        8481.92        -579.17
23/07/31  6.38333       -7126.26        8030.07        -617.28
23/07/31  6.40000       -7283.18        7568.95        -654.67
23/07/31  6.41667       -7431.12        7098.51        -691.25
23/07/31  6.43333       -7569.30        6618.74        -726.92
23/07/31  6.45000       -7696.87        6129.71        -761.58
23/07/31  6.46667       -7812.93        5631.53        -795.09
23/07/31  6.48333       -7916.56        5124.39        -827.34
23/07/31  6.50000       -8006.79        4608.59        -858.18
23/07/31  6.51667       -8082.62        4084.51        -887.47
23/07/31  6.53333       -8143.04        3552.65        -915.08
23/07/31  6.55000       -8187.06        3013.65        -940.83
23/07/31  6.56667       -8213.67        2468.25        -964.58
23/07/31  6.58333       -8221.94        1917.35        -986.17
23/07/31  6.60000       -8210.99        1361.97       -1005.45
23/07/31  6.61667       -8180.03         803.29       -1022.28
23/07/31  6.63333       -8128.42         242.58       -1036.52
23/07/31  6.65000       -8055.62        -318.75       -1048.05
23/07/31  6.66667       -7961.31        -879.22       -1056.78
23/07/31  6.68333       -7845.33       -1437.30       -1062.63
23/07/31  6.70000       -7707.74       -1991.42       -1065.54
23/07/31  6.71667       -7548.80       -2540.02       -1065.50
23/07/31  6.73333       -7368.98       -3081.59       -1062.50
23/07/31  6.75000       -7168.94       -3614.72       -1056.58
23/07/31  6.76667       -6949.52       -4138.08       -1047.80
23/07/31  6.78333       -6711.72       -4650.49       -1036.24
23/07/31  6.80000       -6456.63       -5150.94       -1022.01
23/07/31  6.81667       -6185.47       -5638.58       -1005.23
23/07/31  6.83333       -5899.48       -6112.70        -986.03
23/07/31  6.85000       -5599.94       -6572.81        -964.57
23/07/31  6.86667       -5288.14       -7018.54        -940.99
23/07/31  6.88333       -4965.33       -7449.68        -915.45
23/07/31  6.90000       -4632.73       -7866.15        -888.11
23/07/31  6.91667       -4291.51       -8267.98        -859.10
23/07/31  6.93333       -3942.76       -8655.33        -828.59
23/07/31  6.95000       -3587.49       -9028.39        -796.71
23/07/31  6.96667       -3226.66       -9387.46        -763.59
23/07/31  6.98333       -2861.12       -9732.88        -729.36
23/07/31  7.00000       -2491.67      -10065.00        -694.13
23/07/31  7.01667       -2119.03      -10384.30        -658.02
23/07/31  7.03333       -1743.84      -10691.10        -621.11
23/07/31  7.05000       -1366.69      -10985.90        -583.50
23/07/31  7.06667        -988.09      -11269.10        -545.27
23/07/31  7.08333        -608.51      -11541.20        -506.51
23/07/31  7.10000        -228.36      -11802.50        -467.27
23/07/31  7.11667         151.99      -12053.60        -427.63
23/07/31  7.13333         532.21      -12294.90        -387.63
23/07/31  7.15000         912.04      -12526.70        -347.34
23/07/31  7.16667        1291.20      -12749.40        -306.79
23/07/31  7.18333        1669.49      -12963.40        -266.04
23/07/31  7.20000        2046.70      -13169.10        -225.11
23/07/31  7.21667        2422.68      -13366.80        -184.05
23/07/31  7.23333        2797.27      -13556.80        -142.88
23/07/31  7.25000        3170.35      -13739.60        -101.64
23/07/31  7.26667        3541.81      -13915.20         -60.34
23/07/31  7.28333        3911.55      -14084.20         -19.01
23/07/31  7.30000        4279.49      -14246.60          22.33
23/07/31  7.31667        4645.57      -14402.90          63.65
23/07/31  7.33333        5009.73      -14553.20         104.95
23/07/31  7.35000        5371.92      -14697.70         146.21
23/07/31  7.36667        5732.09      -14836.70         187.42
23/07/31  7.38333        6090.22      -14970.50         228.56
23/07/31  7.40000        6446.28      -15099.20         269.62
23/07/31  7.41667        6800.25      -15222.90         310.59
23/07/31  7.43333        7152.12      -15342.00         351.47
23/07/31  7.45000        7501.87      -15456.50         392.24
23/07/31  7.46667        7849.50      -15566.60         432.90
23/07/31  7.48333        8195.01      -15672.60         473.45
23/07/31  7.50000        8538.39      -15774.40         513.87
23/07/31  7.51667        8879.65      -15872.40         554.16
23/07/31  7.53333        9218.80      -15966.60         594.33
23/07/31  7.55000        9555.84      -16057.10         634.35
23/07/31  7.56667        9890.78      -16144.10         674.24
23/07/31  7.58333       10223.60      -16227.70         713.98
23/07/31  7.60000       10554.40      -16307.90         753.59
23/07/31  7.61667       10883.10      -16385.00         793.04
23/07/31  7.63333       11209.80      -16459.10         832.34
23/07/31  7.65000       11534.40      -16530.10         871.49
23/07/31  7.66667       11857.10      -16598.20         910.49
23/07/31  7.68333       12177.70      -16663.60         949.34
23/07/31  7.70000       12496.30      -16726.20         988.03
23/07/31  7.71667       12813.00      -16786.20        1026.57
23/07/31  7.73333       13127.70      -16843.70        1064.95
23/07/31  7.75000       13440.50      -16898.70        1103.17
23/07/31  7.76667       13751.40      -16951.30        1141.24
23/07/31  7.78333       14060.40      -17001.50        1179.15
23/07/31  7.80000       14367.60      -17049.50        1216.91
23/07/31  7.81667       14672.80      -17095.30        1254.50
23/07/31  7.83333       14976.30      -17139.00        1291.94
23/07/31  7.85000       15277.90      -17180.50        1329.23
23/07/31  7.86667       15577.80      -17220.10        1366.35
23/07/31  7.88333       15875.80      -17257.70        1403.33
23/07/31  7.90000       16172.10      -17293.40        1440.14
23/07/31  7.91667       16466.70      -17327.20        1476.80
23/07/31  7.93333       16759.60      -17359.20        1513.31
23/07/31  7.95000       17050.70      -17389.50        1549.66
23/07/31  7.96667       17340.20      -17418.00        1585.86
23/07/31  7.98333       17628.00      -17444.90        1621.91
23/07/31  8.00000       17914.10      -17470.10        1657.81
23/07/31  8.01667       18198.60      -17493.80        1693.55
23/07/31  8.03333       18481.50      -17515.90        1729.15
23/07/31  8.05000       18762.80      -17536.40        1764.59
23/07/31  8.06667       19042.60      -17555.50        1799.89
23/07/31  8.08333       19320.70      -17573.20        1835.04
23/07/31  8.10000       19597.40      -17589.50        1870.04
23/07/31  8.11667       19872.40      -17604.40        1904.90
23/07/31  8.13333       20146.00      -17617.90        1939.61
23/07/31  8.15000       20418.10      -17630.20        1974.18
23/07/31  8.16667       20688.70      -17641.10        2008.60
23/07/31  8.18333       20957.90      -17650.80        2042.89
23/07/31  8.20000       21225.60      -17659.30        2077.03
23/07/31  8.21667       21491.80      -17666.60        2111.03
23/07/31  8.23333       21756.60      -17672.70        2144.89
23/07/31  8.25000       22020.10      -17677.70        2178.61
23/07/31  8.26667       22282.10      -17681.60        2212.20
23/07/31  8.28333       22542.80      -17684.40        2245.64
23/07/31  8.30000       22802.10      -17686.10        2278.96
23/07/31  8.31667       23060.00      -17686.80        2312.13
23/07/31  8.33333       23316.60      -17686.40        2345.18
23/07/31  8.35000       23571.90      -17685.00        2378.09
23/07/31  8.36667       23825.90      -17682.70        2410.87
23/07/31  8.38333       24078.60      -17679.40        2443.51
23/07/31  8.40000       24330.00      -17675.10        2476.03
23/07/31  8.41667       24580.10      -17669.90        2508.42
23/07/31  8.43333       24829.00      -17663.90        2540.68
23/07/31  8.45000       25076.60      -17656.90        2572.81
23/07/31  8.46667       25323.00      -17649.10        2604.81
23/07/31  8.48333       25568.20      -17640.40        2636.69
23/07/31  8.50000       25812.20      -17630.90        2668.44
23/07/31  8.51667       26054.90      -17620.50        2700.07
23/07/31  8.53333       26296.50      -17609.40        2731.58
23/07/31  8.55000       26536.90      -17597.40        2762.97
23/07/31  8.56667       26776.10      -17584.70        2794.23
23/07/31  8.58333       27014.20      -17571.30        2825.37
23/07/31  8.60000       27251.10      -17557.10        2856.39
23/07/31  8.61667       27486.90      -17542.10        2887.30
23/07/31  8.63333       27721.60      -17526.50        2918.08
23/07/31  8.65000       27955.10      -17510.10        2948.75
23/07/31  8.66667       28187.60      -17493.00        2979.30
23/07/31  8.68333       28418.90      -17475.30        3009.74
23/07/31  8.70000       28649.20      -17456.90        3040.06
23/07/31  8.71667       28878.40      -17437.80        3070.26
23/07/31  8.73333       29106.50      -17418.10        3100.36
23/07/31  8.75000       29333.60      -17397.80        3130.34
23/07/31  8.76667       29559.60      -17376.80        3160.21
23/07/31  8.78333       29784.60      -17355.30        3189.97
23/07/31  8.80000       30008.60      -17333.10        3219.61
23/07/31  8.81667       30231.50      -17310.40        3249.15
23/07/31  8.83333       30453.40      -17287.00        3278.58
23/07/31  8.85000       30674.30      -17263.10        3307.90
23/07/31  8.86667       30894.30      -17238.60        3337.11
23/07/31  8.88333       31113.20      -17213.60        3366.22
23/07/31  8.90000       31331.10      -17188.10        3395.22
23/07/31  8.91667       31548.10      -17162.00        3424.11
23/07/31  8.93333       31764.10      -17135.30        3452.90
23/07/31  8.95000       31979.20      -17108.20        3481.59
23/07/31  8.96667       32193.30      -17080.60        3510.17
23/07/31  8.98333       32406.50      -17052.40        3538.65
23/07/31  9.00000       32618.70      -17023.80        3567.03
23/07/31  9.01667       32830.00      -16994.70        3595.31
23/07/31  9.03333       33040.40      -16965.10        3623.49
23/07/31  9.05000       33249.90      -16935.00        3651.56
23/07/31  9.06667       33458.40      -16904.50        3679.54
23/07/31  9.08333       33666.10      -16873.50        3707.42
23/07/31  9.10000       33872.90      -16842.10        3735.20
23/07/31  9.11667       34078.80      -16810.20        3762.88
23/07/31  9.13333       34283.80      -16777.90        3790.46
23/07/31  9.15000       34487.90      -16745.20        3817.95
23/07/31  9.16667       34691.20      -16712.10        3845.35
23/07/31  9.18333       34893.60      -16678.50        3872.64
23/07/31  9.20000       35095.20      -16644.60        3899.85
23/07/31  9.21667       35295.90      -16610.20        3926.95
23/07/31  9.23333       35495.80      -16575.40        3953.97
23/07/31  9.25000       35694.90      -16540.30        3980.89
23/07/31  9.26667       35893.10      -16504.70        4007.72
23/07/31  9.28333       36090.50      -16468.80        4034.46
23/07/31  9.30000       36287.10      -16432.50        4061.11
23/07/31  9.31667       36482.80      -16395.90        4087.66
23/07/31  9.33333       36677.80      -16358.90        4114.13
23/07/31  9.35000       36871.90      -16321.50        4140.50
23/07/31  9.36667       37065.30      -16283.80        4166.79
23/07/31  9.38333       37257.90      -16245.70        4192.99
23/07/31  9.40000       37449.70      -16207.30        4219.10
23/07/31  9.41667       37640.70      -16168.50        4245.12
23/07/31  9.43333       37830.90      -16129.50        4271.05
23/07/31  9.45000       38020.40      -16090.10        4296.90
23/07/31  9.46667       38209.10      -16050.30        4322.66
23/07/31  9.48333       38397.10      -16010.30        4348.34
23/07/31  9.50000       38584.30      -15969.90        4373.93
23/07/31  9.51667       38770.70      -15929.20        4399.44
23/07/31  9.53333       38956.50      -15888.30        4424.86
23/07/31  9.55000       39141.40      -15847.00        4450.19
23/07/31  9.56667       39325.70      -15805.40        4475.45
23/07/31  9.58333       39509.20      -15763.50        4500.62
23/07/31  9.60000       39692.00      -15721.40        4525.71
23/07/31  9.61667       39874.00      -15678.90        4550.71
23/07/31  9.63333       40055.40      -15636.20        4575.64
23/07/31  9.65000       40236.00      -15593.20        4600.48
23/07/31  9.66667       40415.90      -15549.90        4625.25
23/07/31  9.68333       40595.20      -15506.40        4649.93
23/07/31  9.70000       40773.70      -15462.60        4674.53
23/07/31  9.71667       40951.50      -15418.50        4699.05
23/07/31  9.73333       41128.70      -15374.20        4723.50
23/07/31  9.75000       41305.20      -15329.60        4747.86
23/07/31  9.76667       41480.90      -15284.70        4772.15
23/07/31  9.78333       41656.00      -15239.60        4796.36
23/07/31  9.80000       41830.50      -15194.30        4820.49
23/07/31  9.81667       42004.20      -15148.70        4844.54
23/07/31  9.83333       42177.30      -15102.90        4868.52
23/07/31  9.85000       42349.80      -15056.80        4892.42
23/07/31  9.86667       42521.50      -15010.50        4916.25
23/07/31  9.88333       42692.70      -14964.00        4940.00
23/07/31  9.90000       42863.10      -14917.20        4963.67
23/07/31  9.91667       43033.00      -14870.30        4987.27
23/07/31  9.93333       43202.20      -14823.10        5010.79
23/07/31  9.95000       43370.70      -14775.60        5034.24
23/07/31  9.96667       43538.60      -14728.00        5057.62
23/07/31  9.98333       43705.90      -14680.20        5080.92
23/07/31 10.00000       43872.50      -14632.10        5104.15
23/07/31 10.01667       44038.60      -14583.80        5127.31
23/07/31 10.03333       44204.00      -14535.40        5150.40
23/07/31 10.05000       44368.80      -14486.70        5173.41
23/07/31 10.06667       44532.90      -14437.80        5196.35
23/07/31 10.08333       44696.50      -14388.70        5219.22
23/07/31 10.10000       44859.40      -14339.50        5242.02
23/07/31 10.11667       45021.80      -14290.00        5264.75
23/07/31 10.13333       45183.50      -14240.30        5287.41
23/07/31 10.15000       45344.70      -14190.50        5309.99
23/07/31 10.16667       45505.20      -14140.50        5332.51
23/07/31 10.18333       45665.20      -14090.20        5354.96
23/07/31 10.20000       45824.60      -14039.80        5377.34
23/07/31 10.21667       45983.30      -13989.30        5399.65
23/07/31 10.23333       46141.50      -13938.50        5421.89
23/07/31 10.25000       46299.20      -13887.60        5444.07
23/07/31 10.26667       46456.20      -13836.50        5466.17
23/07/31 10.28333       46612.70      -13785.20        5488.21
23/07/31 10.30000       46768.60      -13733.80        5510.18
23/07/31 10.31667       46923.90      -13682.20        5532.09
23/07/31 10.33333       47078.70      -13630.40        5553.92
23/07/31 10.35000       47232.90      -13578.40        5575.70
23/07/31 10.36667       47386.50      -13526.30        5597.40
23/07/31 10.38333       47539.60      -13474.10        5619.04
23/07/31 10.40000       47692.10      -13421.70        5640.61
23/07/31 10.41667       47844.10      -13369.10        5662.12
23/07/31 10.43333       47995.50      -13316.40        5683.56
23/07/31 10.45000       48146.40      -13263.50        5704.94
23/07/31 10.46667       48296.70      -13210.50        5726.26
23/07/31 10.48333       48446.50      -13157.30        5747.51
23/07/31 10.50000       48595.80      -13104.00        5768.69
23/07/31 10.51667       48744.50      -13050.50        5789.81
23/07/31 10.53333       48892.70      -12996.90        5810.87
23/07/31 10.55000       49040.30      -12943.20        5831.87
23/07/31 10.56667       49187.40      -12889.30        5852.80
23/07/31 10.58333       49334.00      -12835.30        5873.67
23/07/31 10.60000       49480.10      -12781.10        5894.48
23/07/31 10.61667       49625.70      -12726.80        5915.22
23/07/31 10.63333       49770.70      -12672.40        5935.90
23/07/31 10.65000       49915.20      -12617.80        5956.53
23/07/31 10.66667       50059.20      -12563.10        5977.09
23/07/31 10.68333       50202.70      -12508.30        5997.59
23/07/31 10.70000       50345.70      -12453.30        6018.02
23/07/31 10.71667       50488.20      -12398.30        6038.40
23/07/31 10.73333       50630.10      -12343.10        6058.72
23/07/31 10.75000       50771.60      -12287.80        6078.97
23/07/31 10.76667       50912.50      -12232.30        6099.17
23/07/31 10.78333       51053.00      -12176.80        6119.31
23/07/31 10.80000       51193.00      -12121.10        6139.39
23/07/31 10.81667       51332.50      -12065.30        6159.40
23/07/31 10.83333       51471.40      -12009.40        6179.36
23/07/31 10.85000       51609.90      -11953.30        6199.26
23/07/31 10.86667       51747.90      -11897.20        6219.10
23/07/31 10.88333       51885.40      -11841.00        6238.89
23/07/31 10.90000       52022.50      -11784.60        6258.61
23/07/31 10.91667       52159.00      -11728.10        6278.28
23/07/31 10.93333       52295.10      -11671.60        6297.89
23/07/31 10.95000       52430.70      -11614.90        6317.44
23/07/31 10.96667       52565.80      -11558.10        6336.93
23/07/31 10.98333       52700.40      -11501.20        6356.37
23/07/31 11.00000       52834.60      -11444.20        6375.75
23/07/31 11.01667       52968.30      -11387.20        6395.05
23/07/31 11.03333       53101.50      -11330.00        6414.31
23/07/31 11.05000       53234.30      -11272.70        6433.53
23/07/31 11.06667       53366.60      -11215.30        6452.68
23/07/31 11.08333       53498.40      -11157.80        6471.78
23/07/31 11.10000       53629.80      -11100.20        6490.82
23/07/31 11.11667       53760.70      -11042.50        6509.81
23/07/31 11.13333       53891.20      -10984.70        6528.74
23/07/31 11.15000       54021.20      -10926.90        6547.61
23/07/31 11.16667       54150.80      -10868.90        6566.43
23/07/31 11.18333       54279.90      -10810.90        6585.20
23/07/31 11.20000       54408.50      -10752.70        6603.91
23/07/31 11.21667       54536.70      -10694.50        6622.57
23/07/31 11.23333       54664.50      -10636.20        6641.17
23/07/31 11.25000       54791.80      -10577.80        6659.72
23/07/31 11.26667       54918.70      -10519.30        6678.22
23/07/31 11.28333       55045.10      -10460.70        6696.66
23/07/31 11.30000       55171.10      -10402.00        6715.05
23/07/31 11.31667       55296.60      -10343.30        6733.38
23/07/31 11.33333       55421.70      -10284.50        6751.66
23/07/31 11.35000       55546.40      -10225.60        6769.89
23/07/31 11.36667       55670.70      -10166.60        6788.07
23/07/31 11.38333       55794.50      -10107.50        6806.19
23/07/31 11.40000       55917.90      -10048.40        6824.26
23/07/31 11.41667       56040.80       -9989.16        6842.28
23/07/31 11.43333       56163.40       -9929.86        6860.25
23/07/31 11.45000       56285.50       -9870.49        6878.16
23/07/31 11.46667       56407.20       -9811.05        6896.02
23/07/31 11.48333       56528.40       -9751.53        6913.83
23/07/31 11.50000       56649.30       -9691.95        6931.59
23/07/31 11.51667       56769.70       -9632.29        6949.30
23/07/31 11.53333       56889.70       -9572.55        6966.96
23/07/31 11.55000       57009.30       -9512.75        6984.57
23/07/31 11.56667       57128.40       -9452.88        7002.12
23/07/31 11.58333       57247.20       -9392.94        7019.62
23/07/31 11.60000       57365.50       -9332.94        7037.08
23/07/31 11.61667       57483.50       -9272.86        7054.48
23/07/31 11.63333       57601.00       -9212.72        7071.84
23/07/31 11.65000       57718.10       -9152.52        7089.14
23/07/31 11.66667       57834.80       -9092.25        7106.39
23/07/31 11.68333       57951.20       -9031.92        7123.60
23/07/31 11.70000       58067.10       -8971.53        7140.75
23/07/31 11.71667       58182.60       -8911.07        7157.86
23/07/31 11.73333       58297.70       -8850.55        7174.91
23/07/31 11.75000       58412.40       -8789.97        7191.92
23/07/31 11.76667       58526.70       -8729.33        7208.88
23/07/31 11.78333       58640.60       -8668.63        7225.78
23/07/31 11.80000       58754.10       -8607.88        7242.64
23/07/31 11.81667       58867.20       -8547.06        7259.46
23/07/31 11.83333       58980.00       -8486.19        7276.22
23/07/31 11.85000       59092.30       -8425.27        7292.93
23/07/31 11.86667       59204.30       -8364.28        7309.60
23/07/31 11.88333       59315.80       -8303.25        7326.22
23/07/31 11.90000       59427.00       -8242.16        7342.79
23/07/31 11.91667       59537.80       -8181.01        7359.31
23/07/31 11.93333       59648.20       -8119.81        7375.79
23/07/31 11.95000       59758.20       -8058.56        7392.21
23/07/31 11.96667       59867.80       -7997.26        7408.59
23/07/31 11.98333       59977.10       -7935.91        7424.93
23/07/31 12.00000       60086.00       -7874.50        7441.21
23/07/31 12.01667       60194.50       -7813.05        7457.45
23/07/31 12.03333       60302.60       -7751.55        7473.65
23/07/31 12.05000       60410.30       -7690.00        7489.79
23/07/31 12.06667       60517.70       -7628.40        7505.89
23/07/31 12.08333       60624.70       -7566.76        7521.94
23/07/31 12.10000       60731.30       -7505.06        7537.95
23/07/31 12.11667       60837.50       -7443.33        7553.91
23/07/31 12.13333       60943.40       -7381.54        7569.82
23/07/31 12.15000       61048.90       -7319.72        7585.69
23/07/31 12.16667       61154.10       -7257.85        7601.51
23/07/31 12.18333       61258.80       -7195.93        7617.29
23/07/31 12.20000       61363.20       -7133.97        7633.02
23/07/31 12.21667       61467.30       -7071.97        7648.71
23/07/31 12.23333       61570.90       -7009.93        7664.35
23/07/31 12.25000       61674.30       -6947.85        7679.94
23/07/31 12.26667       61777.20       -6885.72        7695.49
23/07/31 12.28333       61879.80       -6823.56        7711.00
23/07/31 12.30000       61982.00       -6761.35        7726.46
23/07/31 12.31667       62083.90       -6699.11        7741.88
23/07/31 12.33333       62185.40       -6636.83        7757.25
23/07/31 12.35000       62286.60       -6574.51        7772.57
23/07/31 12.36667       62387.40       -6512.15        7787.86
23/07/31 12.38333       62487.80       -6449.76        7803.09
23/07/31 12.40000       62587.90       -6387.33        7818.29
23/07/31 12.41667       62687.70       -6324.86        7833.44
23/07/31 12.43333       62787.00       -6262.36        7848.54
23/07/31 12.45000       62886.10       -6199.82        7863.60
23/07/31 12.46667       62984.80       -6137.25        7878.62
23/07/31 12.48333       63083.10       -6074.64        7893.60
23/07/31 12.50000       63181.10       -6012.00        7908.53
23/07/31 12.51667       63278.80       -5949.33        7923.42
23/07/31 12.53333       63376.10       -5886.63        7938.26
23/07/31 12.55000       63473.00       -5823.89        7953.06
23/07/31 12.56667       63569.60       -5761.12        7967.82
23/07/31 12.58333       63665.90       -5698.32        7982.53
23/07/31 12.60000       63761.80       -5635.49        7997.21
23/07/31 12.61667       63857.40       -5572.63        8011.84
23/07/31 12.63333       63952.70       -5509.74        8026.42
23/07/31 12.65000       64047.60       -5446.83        8040.97
23/07/31 12.66667       64142.10       -5383.88        8055.47
23/07/31 12.68333       64236.40       -5320.90        8069.93
23/07/31 12.70000       64330.30       -5257.90        8084.35
23/07/31 12.71667       64423.80       -5194.87        8098.72
23/07/31 12.73333       64517.10       -5131.81        8113.05
23/07/31 12.75000       64609.90       -5068.73        8127.34
23/07/31 12.76667       64702.50       -5005.62        8141.59
23/07/31 12.78333       64794.70       -4942.48        8155.80
23/07/31 12.80000       64886.60       -4879.32        8169.97
23/07/31 12.81667       64978.20       -4816.14        8184.09
23/07/31 12.83333       65069.40       -4752.93        8198.17
23/07/31 12.85000       65160.40       -4689.69        8212.21
23/07/31 12.86667       65250.90       -4626.43        8226.21
23/07/31 12.88333       65341.20       -4563.15        8240.17
23/07/31 12.90000       65431.10       -4499.85        8254.09
23/07/31 12.91667       65520.70       -4436.52        8267.97
23/07/31 12.93333       65610.00       -4373.18        8281.80
23/07/31 12.95000       65699.00       -4309.81        8295.60
23/07/31 12.96667       65787.60       -4246.42        8309.35
23/07/31 12.98333       65875.90       -4183.00        8323.06
23/07/31 13.00000       65963.90       -4119.57        8336.74
23/07/31 13.01667       66051.60       -4056.12        8350.37
23/07/31 13.03333       66138.90       -3992.65        8363.96
23/07/31 13.05000       66226.00       -3929.16        8377.51
23/07/31 13.06667       66312.70       -3865.65        8391.02
23/07/31 13.08333       66399.10       -3802.12        8404.49
23/07/31 13.10000       66485.10       -3738.58        8417.92
23/07/31 13.11667       66570.90       -3675.01        8431.32
23/07/31 13.13333       66656.40       -3611.43        8444.67
23/07/31 13.15000       66741.50       -3547.84        8457.98
23/07/31 13.16667       66826.30       -3484.22        8471.25
23/07/31 13.18333       66910.80       -3420.59        8484.48
23/07/31 13.20000       66995.00       -3356.94        8497.67
23/07/31 13.21667       67078.90       -3293.28        8510.83
23/07/31 13.23333       67162.50       -3229.60        8523.94
23/07/31 13.25000       67245.80       -3165.91        8537.02
23/07/31 13.26667       67328.70       -3102.21        8550.05
23/07/31 13.28333       67411.40       -3038.48        8563.05
23/07/31 13.30000       67493.70       -2974.75        8576.00
23/07/31 13.31667       67575.80       -2911.00        8588.92
23/07/31 13.33333       67657.50       -2847.24        8601.80
23/07/31 13.35000       67738.90       -2783.47        8614.64
23/07/31 13.36667       67820.10       -2719.68        8627.44
23/07/31 13.38333       67900.90       -2655.88        8640.21
23/07/31 13.40000       67981.40       -2592.07        8652.93
23/07/31 13.41667       68061.60       -2528.25        8665.61
23/07/31 13.43333       68141.50       -2464.42        8678.26
23/07/31 13.45000       68221.10       -2400.57        8690.87
23/07/31 13.46667       68300.40       -2336.72        8703.44
23/07/31 13.48333       68379.40       -2272.85        8715.97
23/07/31 13.50000       68458.20       -2208.98        8728.47
23/07/31 13.51667       68536.60       -2145.09        8740.92
23/07/31 13.53333       68614.70       -2081.20        8753.34
23/07/31 13.55000       68692.50       -2017.30        8765.72
23/07/31 13.56667       68770.00       -1953.38        8778.06
23/07/31 13.58333       68847.20       -1889.46        8790.37
23/07/31 13.60000       68924.20       -1825.54        8802.64
23/07/31 13.61667       69000.80       -1761.60        8814.87
23/07/31 13.63333       69077.20       -1697.66        8827.06
23/07/31 13.65000       69153.20       -1633.71        8839.21
23/07/31 13.66667       69229.00       -1569.75        8851.33
23/07/31 13.68333       69304.40       -1505.79        8863.41
23/07/31 13.70000       69379.60       -1441.82        8875.45
23/07/31 13.71667       69454.50       -1377.84        8887.45
23/07/31 13.73333       69529.10       -1313.86        8899.42
23/07/31 13.75000       69603.40       -1249.87        8911.35
23/07/31 13.76667       69677.40       -1185.88        8923.25
23/07/31 13.78333       69751.10       -1121.88        8935.10
23/07/31 13.80000       69824.50       -1057.88        8946.92
23/07/31 13.81667       69897.70        -993.87        8958.71
23/07/31 13.83333       69970.60        -929.86        8970.45
23/07/31 13.85000       70043.10        -865.85        8982.16
23/07/31 13.86667       70115.40        -801.83        8993.83
23/07/31 13.88333       70187.40        -737.81        9005.47
23/07/31 13.90000       70259.20        -673.79        9017.07
23/07/31 13.91667       70330.60        -609.76        9028.63
23/07/31 13.93333       70401.80        -545.73        9040.16
23/07/31 13.95000       70472.60        -481.70        9051.65
23/07/31 13.96667       70543.20        -417.67        9063.11
23/07/31 13.98333       70613.50        -353.63        9074.53
23/07/31 14.00000       70683.60        -289.60        9085.91
23/07/31 14.01667       70753.30        -225.56        9097.25
23/07/31 14.03333       70822.80        -161.52        9108.57
23/07/31 14.05000       70892.00         -97.48        9119.84
23/07/31 14.06667       70960.90         -33.44        9131.08
23/07/31 14.08333       71029.50          30.59        9142.28
23/07/31 14.10000       71097.90          94.63        9153.45
23/07/31 14.11667       71165.90         158.67        9164.58
23/07/31 14.13333       71233.70         222.71        9175.67
23/07/31 14.15000       71301.30         286.75        9186.74
23/07/31 14.16667       71368.50         350.78        9197.76
23/07/31 14.18333       71435.50         414.82        9208.75
23/07/31 14.20000       71502.20         478.85        9219.70
23/07/31 14.21667       71568.60         542.88        9230.62
23/07/31 14.23333       71634.80         606.91        9241.50
23/07/31 14.25000       71700.70         670.94        9252.35
23/07/31 14.26667       71766.30         734.96        9263.17
23/07/31 14.28333       71831.60         798.98        9273.94
23/07/31 14.30000       71896.70         863.00        9284.69
23/07/31 14.31667       71961.50         927.01        9295.39
23/07/31 14.33333       72026.00         991.03        9306.07
23/07/31 14.35000       72090.30        1055.03        9316.71
23/07/31 14.36667       72154.20        1119.04        9327.31
23/07/31 14.38333       72218.00        1183.04        9337.88
23/07/31 14.40000       72281.40        1247.03        9348.41
23/07/31 14.41667       72344.60        1311.02        9358.91
23/07/31 14.43333       72407.50        1375.01        9369.37
23/07/31 14.45000       72470.20        1438.99        9379.80
23/07/31 14.46667       72532.50        1502.96        9390.20
23/07/31 14.48333       72594.60        1566.93        9400.56
23/07/31 14.50000       72656.50        1630.89        9410.89
23/07/31 14.51667       72718.10        1694.85        9421.18
23/07/31 14.53333       72779.40        1758.80        9431.44
23/07/31 14.55000       72840.50        1822.75        9441.66
23/07/31 14.56667       72901.20        1886.69        9451.85
23/07/31 14.58333       72961.80        1950.62        9462.01
23/07/31 14.60000       73022.00        2014.54        9472.13
23/07/31 14.61667       73082.10        2078.46        9482.21
23/07/31 14.63333       73141.80        2142.37        9492.27
23/07/31 14.65000       73201.30        2206.27        9502.29
23/07/31 14.66667       73260.50        2270.17        9512.27
23/07/31 14.68333       73319.50        2334.05        9522.23
23/07/31 14.70000       73378.21        2397.93        9532.14
23/07/31 14.71667       73436.60        2461.80        9542.03
23/07/31 14.73333       73494.80        2525.66        9551.88
23/07/31 14.75000       73552.70        2589.51        9561.70
23/07/31 14.76667       73610.40        2653.36        9571.48
23/07/31 14.78333       73667.80        2717.19        9581.23
23/07/31 14.80000       73724.90        2781.01        9590.94
23/07/31 14.81667       73781.80        2844.83        9600.63
23/07/31 14.83333       73838.50        2908.63        9610.28
23/07/31 14.85000       73894.80        2972.43        9619.89
23/07/31 14.86667       73951.00        3036.21        9629.48
23/07/31 14.88333       74006.80        3099.98        9639.03
23/07/31 14.90000       74062.50        3163.75        9648.54
23/07/31 14.91667       74117.80        3227.50        9658.03
23/07/31 14.93333       74172.90        3291.24        9667.48
23/07/31 14.95000       74227.80        3354.97        9676.89
23/07/31 14.96667       74282.40        3418.69        9686.28
23/07/31 14.98333       74336.71        3482.39        9695.63
23/07/31 15.00000       74390.80        3546.09        9704.95
23/07/31 15.01667       74444.60        3609.77        9714.23
23/07/31 15.03333       74498.21        3673.44        9723.48
23/07/31 15.05000       74551.60        3737.10        9732.70
23/07/31 15.06667       74604.70        3800.74        9741.89
23/07/31 15.08333       74657.50        3864.37        9751.04
23/07/31 15.10000       74710.10        3927.99        9760.17
23/07/31 15.11667       74762.40        3991.60        9769.25
23/07/31 15.13333       74814.50        4055.19        9778.31
23/07/31 15.15000       74866.40        4118.77        9787.33
23/07/31 15.16667       74918.00        4182.34        9796.33
23/07/31 15.18333       74969.30        4245.89        9805.28
23/07/31 15.20000       75020.40        4309.43        9814.21
23/07/31 15.21667       75071.20        4372.95        9823.10
23/07/31 15.23333       75121.80        4436.46        9831.97
23/07/31 15.25000       75172.20        4499.95        9840.79
23/07/31 15.26667       75222.30        4563.43        9849.59
23/07/31 15.28333       75272.20        4626.90        9858.36
23/07/31 15.30000       75321.80        4690.35        9867.09
23/07/31 15.31667       75371.20        4753.78        9875.79
23/07/31 15.33333       75420.30        4817.20        9884.46
23/07/31 15.35000       75469.20        4880.61        9893.09
23/07/31 15.36667       75517.80        4943.99        9901.70
23/07/31 15.38333       75566.20        5007.36        9910.27
23/07/31 15.40000       75614.40        5070.72        9918.81
23/07/31 15.41667       75662.30        5134.06        9927.32
23/07/31 15.43333       75709.90        5197.38        9935.80
23/07/31 15.45000       75757.40        5260.69        9944.24
23/07/31 15.46667       75804.50        5323.98        9952.65
23/07/31 15.48333       75851.50        5387.25        9961.04
23/07/31 15.50000       75898.20        5450.50        9969.39
23/07/31 15.51667       75944.60        5513.74        9977.70
23/07/31 15.53333       75990.90        5576.96        9985.99
23/07/31 15.55000       76036.80        5640.16        9994.25
23/07/31 15.56667       76082.60        5703.35       10002.50
23/07/31 15.58333       76128.10        5766.51       10010.70
23/07/31 15.60000       76173.30        5829.66       10018.80
23/07/31 15.61667       76218.30        5892.79       10026.90
23/07/31 15.63333       76263.10        5955.90       10035.00
23/07/31 15.65000       76307.70        6019.00       10043.10
23/07/31 15.66667       76352.00        6082.07       10051.10
23/07/31 15.68333       76396.00        6145.13       10059.10
23/07/31 15.70000       76439.90        6208.16       10067.10
23/07/31 15.71667       76483.40        6271.18       10075.10
23/07/31 15.73333       76526.80        6334.18       10083.00
23/07/31 15.75000       76569.90        6397.15       10090.90
23/07/31 15.76667       76612.80        6460.11       10098.70
23/07/31 15.78333       76655.40        6523.05       10106.50
23/07/31 15.80000       76697.90        6585.97       10114.30
23/07/31 15.81667       76740.00        6648.87       10122.10
23/07/31 15.83333       76782.00        6711.74       10129.80
23/07/31 15.85000       76823.70        6774.60       10137.50
23/07/31 15.86667       76865.10        6837.44       10145.10
23/07/31 15.88333       76906.40        6900.25       10152.80
23/07/31 15.90000       76947.40        6963.05       10160.40
23/07/31 15.91667       76988.20        7025.82       10167.90
23/07/31 15.93333       77028.70        7088.57       10175.50
23/07/31 15.95000       77069.00        7151.30       10183.00
23/07/31 15.96667       77109.10        7214.01       10190.40
23/07/31 15.98333       77148.90        7276.70       10197.90
23/07/31 16.00000       77188.50        7339.36       10205.30
23/07/31 16.01667       77227.90        7402.01       10212.70
23/07/31 16.03333       77267.10        7464.63       10220.00
23/07/31 16.05000       77306.00        7527.23       10227.40
23/07/31 16.06667       77344.60        7589.80       10234.70
23/07/31 16.08333       77383.10        7652.36       10241.90
23/07/31 16.10000       77421.30        7714.89       10249.20
23/07/31 16.11667       77459.30        7777.40       10256.40
23/07/31 16.13333       77497.10        7839.88       10263.50
23/07/31 16.15000       77534.60        7902.34       10270.70
23/07/31 16.16667       77571.90        7964.78       10277.80
23/07/31 16.18333       77609.00        8027.20       10284.90
23/07/31 16.20000       77645.90        8089.59       10291.90
23/07/31 16.21667       77682.50        8151.95       10298.90
23/07/31 16.23333       77718.90        8214.30       10305.90
23/07/31 16.25000       77755.00        8276.62       10312.90
23/07/31 16.26667       77791.00        8338.91       10319.80
23/07/31 16.28333       77826.70        8401.18       10326.70
23/07/31 16.30000       77862.21        8463.43       10333.60
23/07/31 16.31667       77897.40        8525.65       10340.40
23/07/31 16.33333       77932.40        8587.85       10347.20
23/07/31 16.35000       77967.21        8650.02       10354.00
23/07/31 16.36667       78001.79        8712.17       10360.70
23/07/31 16.38333       78036.20        8774.29       10367.50
23/07/31 16.40000       78070.30        8836.38       10374.20
23/07/31 16.41667       78104.21        8898.45       10380.80
23/07/31 16.43333       78137.90        8960.50       10387.40
23/07/31 16.45000       78171.30        9022.52       10394.00
23/07/31 16.46667       78204.60        9084.51       10400.60
23/07/31 16.48333       78237.60        9146.48       10407.10
23/07/31 16.50000       78270.30        9208.42       10413.70
23/07/31 16.51667       78302.90        9270.33       10420.10
23/07/31 16.53333       78335.20        9332.22       10426.60
23/07/31 16.55000       78367.30        9394.08       10433.00
23/07/31 16.56667       78399.21        9455.92       10439.40
23/07/31 16.58333       78430.90        9517.73       10445.80
23/07/31 16.60000       78462.30        9579.51       10452.10
23/07/31 16.61667       78493.60        9641.26       10458.40
23/07/31 16.63333       78524.50        9702.99       10464.70
23/07/31 16.65000       78555.30        9764.69       10470.90
23/07/31 16.66667       78585.90        9826.36       10477.10
23/07/31 16.68333       78616.20        9888.00       10483.30
23/07/31 16.70000       78646.30        9949.62       10489.40
23/07/31 16.71667       78676.20       10011.20       10495.60
23/07/31 16.73333       78705.90       10072.80       10501.70
23/07/31 16.75000       78735.30       10134.30       10507.70
23/07/31 16.76667       78764.60       10195.80       10513.80
23/07/31 16.78333       78793.60       10257.30       10519.80
23/07/31 16.80000       78822.40       10318.70       10525.80
23/07/31 16.81667       78850.90       10380.10       10531.70
23/07/31 16.83333       78879.30       10441.50       10537.60
23/07/31 16.85000       78907.40       10502.90       10543.50
23/07/31 16.86667       78935.30       10564.20       10549.40
23/07/31 16.88333       78963.00       10625.50       10555.20
23/07/31 16.90000       78990.50       10686.80       10561.00
23/07/31 16.91667       79017.80       10748.00       10566.80
23/07/31 16.93333       79044.80       10809.20       10572.50
23/07/31 16.95000       79071.60       10870.40       10578.20
23/07/31 16.96667       79098.30       10931.60       10583.90
23/07/31 16.98333       79124.60       10992.70       10589.60
23/07/31 17.00000       79150.80       11053.80       10595.20
23/07/31 17.01667       79176.80       11114.90       10600.80
23/07/31 17.03333       79202.50       11175.90       10606.40
23/07/31 17.05000       79228.00       11236.90       10611.90
23/07/31 17.06667       79253.30       11297.90       10617.40
23/07/31 17.08333       79278.40       11358.80       10622.90
23/07/31 17.10000       79303.30       11419.70       10628.40
23/07/31 17.11667       79328.00       11480.60       10633.80
23/07/31 17.13333       79352.40       11541.40       10639.20
23/07/31 17.15000       79376.60       11602.30       10644.50
23/07/31 17.16667       79400.70       11663.00       10649.90
23/07/31 17.18333       79424.50       11723.80       10655.20
23/07/31 17.20000       79448.00       11784.50       10660.50
23/07/31 17.21667       79471.40       11845.20       10665.70
23/07/31 17.23333       79494.60       11905.90       10670.90
23/07/31 17.25000       79517.50       11966.50       10676.10
23/07/31 17.26667       79540.21       12027.10       10681.30
23/07/31 17.28333       79562.80       12087.60       10686.40
23/07/31 17.30000       79585.10       12148.20       10691.50
23/07/31 17.31667       79607.10       12208.70       10696.60
23/07/31 17.33333       79629.00       12269.10       10701.70
23/07/31 17.35000       79650.70       12329.60       10706.70
23/07/31 17.36667       79672.10       12390.00       10711.70
23/07/31 17.38333       79693.40       12450.30       10716.70
23/07/31 17.40000       79714.40       12510.60       10721.60
23/07/31 17.41667       79735.20       12570.90       10726.50
23/07/31 17.43333       79755.80       12631.20       10731.40
23/07/31 17.45000       79776.20       12691.40       10736.20
23/07/31 17.46667       79796.40       12751.60       10741.00
23/07/31 17.48333       79816.30       12811.80       10745.80
23/07/31 17.50000       79836.10       12871.90       10750.60
23/07/31 17.51667       79855.60       12932.00       10755.30
23/07/31 17.53333       79875.00       12992.10       10760.00
23/07/31 17.55000       79894.10       13052.10       10764.70
23/07/31 17.56667       79913.00       13112.10       10769.40
23/07/31 17.58333       79931.70       13172.10       10774.00
23/07/31 17.60000       79950.20       13232.00       10778.60
23/07/31 17.61667       79968.50       13291.90       10783.20
23/07/31 17.63333       79986.60       13351.70       10787.70
23/07/31 17.65000       80004.40       13411.50       10792.20
23/07/31 17.66667       80022.11       13471.30       10796.70
23/07/31 17.68333       80039.50       13531.10       10801.10
23/07/31 17.70000       80056.80       13590.80       10805.60
23/07/31 17.71667       80073.80       13650.50       10810.00
23/07/31 17.73333       80090.60       13710.10       10814.30
23/07/31 17.75000       80107.20       13769.70       10818.70
23/07/31 17.76667       80123.61       13829.30       10823.00
23/07/31 17.78333       80139.80       13888.80       10827.30
23/07/31 17.80000       80155.79       13948.30       10831.50
23/07/31 17.81667       80171.50       14007.80       10835.80
23/07/31 17.83333       80187.10       14067.20       10840.00
23/07/31 17.85000       80202.50       14126.60       10844.10
23/07/31 17.86667       80217.60       14185.90       10848.30
23/07/31 17.88333       80232.60       14245.30       10852.40
23/07/31 17.90000       80247.30       14304.50       10856.50
23/07/31 17.91667       80261.79       14363.80       10860.50
23/07/31 17.93333       80276.10       14423.00       10864.60
23/07/31 17.95000       80290.30       14482.10       10868.60
23/07/31 17.96667       80304.20       14541.30       10872.50
23/07/31 17.98333       80317.90       14600.40       10876.50
23/07/31 18.00000       80331.40       14659.40       10880.40
23/07/31 18.01667       80344.71       14718.40       10884.30
23/07/31 18.03333       80357.70       14777.40       10888.20
23/07/31 18.05000       80370.60       14836.40       10892.00
23/07/31 18.06667       80383.30       14895.30       10895.80
23/07/31 18.08333       80395.79       14954.10       10899.60
23/07/31 18.10000       80408.00       15013.00       10903.30
23/07/31 18.11667       80420.10       15071.80       10907.10
23/07/31 18.13333       80431.90       15130.50       10910.80
23/07/31 18.15000       80443.60       15189.20       10914.40
23/07/31 18.16667       80455.00       15247.90       10918.10
23/07/31 18.18333       80466.20       15306.50       10921.70
23/07/31 18.20000       80477.29       15365.10       10925.30
23/07/31 18.21667       80488.10       15423.70       10928.80
23/07/31 18.23333       80498.70       15482.20       10932.40
23/07/31 18.25000       80509.10       15540.70       10935.90
23/07/31 18.26667       80519.40       15599.10       10939.30
23/07/31 18.28333       80529.39       15657.50       10942.80
23/07/31 18.30000       80539.21       15715.90       10946.20
23/07/31 18.31667       80548.80       15774.20       10949.60
23/07/31 18.33333       80558.20       15832.50       10953.00
23/07/31 18.35000       80567.40       15890.70       10956.30
23/07/31 18.36667       80576.40       15948.90       10959.60
23/07/31 18.38333       80585.10       16007.10       10962.90
23/07/31 18.40000       80593.70       16065.20       10966.10
23/07/31 18.41667       80602.10       16123.30       10969.40
23/07/31 18.43333       80610.29       16181.30       10972.60
23/07/31 18.45000       80618.30       16239.30       10975.70
23/07/31 18.46667       80626.00       16297.30       10978.90
23/07/31 18.48333       80633.60       16355.20       10982.00
23/07/31 18.50000       80641.00       16413.00       10985.10
23/07/31 18.51667       80648.10       16470.90       10988.10
23/07/31 18.53333       80655.10       16528.70       10991.20
23/07/31 18.55000       80661.90       16586.40       10994.20
23/07/31 18.56667       80668.40       16644.10       10997.10
23/07/31 18.58333       80674.80       16701.80       11000.10
23/07/31 18.60000       80681.00       16759.40       11003.00
23/07/31 18.61667       80686.90       16817.00       11005.90
23/07/31 18.63333       80692.70       16874.50       11008.80
23/07/31 18.65000       80698.20       16932.00       11011.60
23/07/31 18.66667       80703.60       16989.50       11014.40
23/07/31 18.68333       80708.70       17046.90       11017.20
23/07/31 18.70000       80713.70       17104.30       11020.00
23/07/31 18.71667       80718.40       17161.60       11022.70
23/07/31 18.73333       80723.00       17218.90       11025.40
23/07/31 18.75000       80727.30       17276.20       11028.10
23/07/31 18.76667       80731.50       17333.40       11030.70
23/07/31 18.78333       80735.40       17390.50       11033.30
23/07/31 18.80000       80739.10       17447.60       11035.90
23/07/31 18.81667       80742.70       17504.70       11038.50
23/07/31 18.83333       80746.00       17561.70       11041.00
23/07/31 18.85000       80749.21       17618.70       11043.60
23/07/31 18.86667       80752.11       17675.70       11046.00
23/07/31 18.88333       80754.90       17732.60       11048.50
23/07/31 18.90000       80757.40       17789.40       11050.90
23/07/31 18.91667       80759.79       17846.20       11053.30
23/07/31 18.93333       80761.90       17903.00       11055.70
23/07/31 18.95000       80763.90       17959.70       11058.00
23/07/31 18.96667       80765.60       18016.40       11060.40
23/07/31 18.98333       80767.20       18073.00       11062.70
23/07/31 19.00000       80768.50       18129.60       11064.90
23/07/31 19.01667       80769.70       18186.10       11067.20
23/07/31 19.03333       80770.60       18242.60       11069.40
23/07/31 19.05000       80771.40       18299.10       11071.50
23/07/31 19.06667       80771.89       18355.50       11073.70
23/07/31 19.08333       80772.29       18411.90       11075.80
23/07/31 19.10000       80772.40       18468.20       11077.90
23/07/31 19.11667       80772.40       18524.50       11080.00
23/07/31 19.13333       80772.20       18580.70       11082.10
23/07/31 19.15000       80771.70       18636.90       11084.10
23/07/31 19.16667       80771.10       18693.00       11086.10
23/07/31 19.18333       80770.29       18749.10       11088.00
23/07/31 19.20000       80769.21       18805.10       11090.00
23/07/31 19.21667       80768.00       18861.10       11091.90
23/07/31 19.23333       80766.60       18917.10       11093.80
23/07/31 19.25000       80764.89       18973.00       11095.60
23/07/31 19.26667       80763.10       19028.90       11097.50
23/07/31 19.28333       80761.10       19084.70       11099.30
23/07/31 19.30000       80758.90       19140.40       11101.00
23/07/31 19.31667       80756.50       19196.20       11102.80
23/07/31 19.33333       80753.90       19251.80       11104.50
23/07/31 19.35000       80751.00       19307.40       11106.20
23/07/31 19.36667       80748.00       19363.00       11107.90
23/07/31 19.38333       80744.80       19418.60       11109.50
23/07/31 19.40000       80741.40       19474.00       11111.10
23/07/31 19.41667       80737.80       19529.50       11112.70
23/07/31 19.43333       80734.00       19584.90       11114.30
23/07/31 19.45000       80730.10       19640.20       11115.80
23/07/31 19.46667       80725.90       19695.50       11117.30
23/07/31 19.48333       80721.50       19750.70       11118.80
23/07/31 19.50000       80716.90       19805.90       11120.20
23/07/31 19.51667       80712.10       19861.10       11121.60
23/07/31 19.53333       80707.10       19916.20       11123.00
23/07/31 19.55000       80702.00       19971.20       11124.40
23/07/31 19.56667       80696.60       20026.20       11125.70
23/07/31 19.58333       80691.00       20081.20       11127.10
23/07/31 19.60000       80685.30       20136.10       11128.30
23/07/31 19.61667       80679.29       20191.00       11129.60
23/07/31 19.63333       80673.20       20245.80       11130.80
23/07/31 19.65000       80666.80       20300.50       11132.00
23/07/31 19.66667       80660.30       20355.20       11133.20
23/07/31 19.68333       80653.50       20409.90       11134.40
23/07/31 19.70000       80646.60       20464.50       11135.50
23/07/31 19.71667       80639.50       20519.10       11136.60
23/07/31 19.73333       80632.20       20573.60       11137.70
23/07/31 19.75000       80624.60       20628.00       11138.70
23/07/31 19.76667       80616.89       20682.40       11139.70
23/07/31 19.78333       80609.00       20736.80       11140.70
23/07/31 19.80000       80600.90       20791.10       11141.70
23/07/31 19.81667       80592.60       20845.40       11142.60
23/07/31 19.83333       80584.10       20899.60       11143.50
23/07/31 19.85000       80575.40       20953.70       11144.40
23/07/31 19.86667       80566.50       21007.80       11145.30
23/07/31 19.88333       80557.39       21061.90       11146.10
23/07/31 19.90000       80548.20       21115.90       11146.90
23/07/31 19.91667       80538.70       21169.90       11147.70
23/07/31 19.93333       80529.00       21223.80       11148.40
23/07/31 19.95000       80519.10       21277.60       11149.10
23/07/31 19.96667       80509.10       21331.40       11149.80
23/07/31 19.98333       80498.80       21385.20       11150.50
23/07/31 20.00000       80488.40       21438.90       11151.10
23/07/31 20.01667       80477.71       21492.50       11151.70
23/07/31 20.03333       80466.90       21546.10       11152.30
23/07/31 20.05000       80455.89       21599.60       11152.90
23/07/31 20.06667       80444.60       21653.10       11153.40
23/07/31 20.08333       80433.21       21706.60       11153.90
23/07/31 20.10000       80421.60       21760.00       11154.40
23/07/31 20.11667       80409.79       21813.30       11154.80
23/07/31 20.13333       80397.80       21866.60       11155.30
23/07/31 20.15000       80385.60       21919.80       11155.70
23/07/31 20.16667       80373.20       21973.00       11156.00
23/07/31 20.18333       80360.60       22026.10       11156.40
23/07/31 20.20000       80347.80       22079.20       11156.70
23/07/31 20.21667       80334.90       22132.20       11157.00
23/07/31 20.23333       80321.70       22185.10       11157.20
23/07/31 20.25000       80308.29       22238.00       11157.50
23/07/31 20.26667       80294.80       22290.90       11157.70
23/07/31 20.28333       80281.00       22343.70       11157.90
23/07/31 20.30000       80267.11       22396.40       11158.00
23/07/31 20.31667       80253.00       22449.10       11158.20
23/07/31 20.33333       80238.60       22501.80       11158.20
23/07/31 20.35000       80224.10       22554.30       11158.30
23/07/31 20.36667       80209.40       22606.90       11158.40
23/07/31 20.38333       80194.50       22659.30       11158.40
23/07/31 20.40000       80179.40       22711.80       11158.40
23/07/31 20.41667       80164.10       22764.10       11158.30
23/07/31 20.43333       80148.60       22816.40       11158.30
23/07/31 20.45000       80132.89       22868.70       11158.20
23/07/31 20.46667       80117.00       22920.90       11158.10
23/07/31 20.48333       80100.90       22973.00       11157.90
23/07/31 20.50000       80084.71       23025.10       11157.80
23/07/31 20.51667       80068.21       23077.10       11157.60
23/07/31 20.53333       80051.50       23129.10       11157.30
23/07/31 20.55000       80034.70       23181.00       11157.10
23/07/31 20.56667       80017.60       23232.90       11156.80
23/07/31 20.58333       80000.40       23284.70       11156.50
23/07/31 20.60000       79983.00       23336.50       11156.20
23/07/31 20.61667       79965.40       23388.20       11155.80
23/07/31 20.63333       79947.60       23439.80       11155.40
23/07/31 20.65000       79929.50       23491.40       11155.00
23/07/31 20.66667       79911.30       23542.90       11154.60
23/07/31 20.68333       79893.00       23594.40       11154.10
23/07/31 20.70000       79874.40       23645.80       11153.60
23/07/31 20.71667       79855.60       23697.10       11153.10
23/07/31 20.73333       79836.60       23748.40       11152.60
23/07/31 20.75000       79817.40       23799.70       11152.00
23/07/31 20.76667       79798.10       23850.80       11151.40
23/07/31 20.78333       79778.50       23902.00       11150.80
23/07/31 20.80000       79758.80       23953.00       11150.10
23/07/31 20.81667       79738.90       24004.00       11149.40
23/07/31 20.83333       79718.70       24055.00       11148.70
23/07/31 20.85000       79698.40       24105.90       11148.00
23/07/31 20.86667       79677.90       24156.70       11147.20
23/07/31 20.88333       79657.20       24207.50       11146.40
23/07/31 20.90000       79636.30       24258.20       11145.60
23/07/31 20.91667       79615.20       24308.90       11144.80
23/07/31 20.93333       79593.90       24359.50       11143.90
23/07/31 20.95000       79572.40       24410.00       11143.00
23/07/31 20.96667       79550.70       24460.50       11142.10
23/07/31 20.98333       79528.90       24510.90       11141.10
23/07/31 21.00000       79506.80       24561.30       11140.10
23/07/31 21.01667       79484.50       24611.60       11139.10
23/07/31 21.03333       79462.10       24661.80       11138.10
23/07/31 21.05000       79439.50       24712.00       11137.00
23/07/31 21.06667       79416.60       24762.10       11136.00
23/07/31 21.08333       79393.60       24812.20       11134.80
23/07/31 21.10000       79370.40       24862.20       11133.70
23/07/31 21.11667       79347.00       24912.10       11132.50
23/07/31 21.13333       79323.40       24962.00       11131.30
23/07/31 21.15000       79299.60       25011.80       11130.10
23/07/31 21.16667       79275.60       25061.60       11128.90
23/07/31 21.18333       79251.40       25111.30       11127.60
23/07/31 21.20000       79227.00       25160.90       11126.30
23/07/31 21.21667       79202.50       25210.50       11125.00
23/07/31 21.23333       79177.70       25260.00       11123.60
23/07/31 21.25000       79152.80       25309.50       11122.20
23/07/31 21.26667       79127.60       25358.90       11120.80
23/07/31 21.28333       79102.30       25408.20       11119.40
23/07/31 21.30000       79076.80       25457.50       11117.90
23/07/31 21.31667       79051.00       25506.70       11116.40
23/07/31 21.33333       79025.10       25555.80       11114.90
23/07/31 21.35000       78999.00       25604.90       11113.30
23/07/31 21.36667       78972.70       25653.90       11111.80
23/07/31 21.38333       78946.20       25702.90       11110.20
23/07/31 21.40000       78919.50       25751.80       11108.50
23/07/31 21.41667       78892.60       25800.60       11106.90
23/07/31 21.43333       78865.60       25849.40       11105.20
23/07/31 21.45000       78838.30       25898.10       11103.50
23/07/31 21.46667       78810.80       25946.70       11101.70
23/07/31 21.48333       78783.20       25995.30       11100.00
23/07/31 21.50000       78755.40       26043.80       11098.20
23/07/31 21.51667       78727.30       26092.30       11096.40
23/07/31 21.53333       78699.10       26140.60       11094.50
23/07/31 21.55000       78670.70       26189.00       11092.60
23/07/31 21.56667       78642.00       26237.20       11090.70
23/07/31 21.58333       78613.20       26285.40       11088.80
23/07/31 21.60000       78584.20       26333.50       11086.90
23/07/31 21.61667       78555.00       26381.60       11084.90
23/07/31 21.63333       78525.71       26429.60       11082.90
23/07/31 21.65000       78496.10       26477.50       11080.80
23/07/31 21.66667       78466.30       26525.40       11078.80
23/07/31 21.68333       78436.30       26573.20       11076.70
23/07/31 21.70000       78406.21       26621.00       11074.60
23/07/31 21.71667       78375.80       26668.60       11072.40
23/07/31 21.73333       78345.30       26716.20       11070.20
23/07/31 21.75000       78314.50       26763.80       11068.00
23/07/31 21.76667       78283.60       26811.30       11065.80
23/07/31 21.78333       78252.50       26858.70       11063.60
23/07/31 21.80000       78221.20       26906.00       11061.30
23/07/31 21.81667       78189.70       26953.30       11059.00
23/07/31 21.83333       78158.00       27000.50       11056.60
23/07/31 21.85000       78126.10       27047.60       11054.30
23/07/31 21.86667       78094.00       27094.70       11051.90
23/07/31 21.88333       78061.70       27141.70       11049.50
23/07/31 21.90000       78029.20       27188.70       11047.00
23/07/31 21.91667       77996.50       27235.50       11044.50
23/07/31 21.93333       77963.71       27282.40       11042.00
23/07/31 21.95000       77930.60       27329.10       11039.50
23/07/31 21.96667       77897.40       27375.80       11037.00
23/07/31 21.98333       77863.90       27422.40       11034.40
23/07/31 22.00000       77830.30       27468.90       11031.80
23/07/31 22.01667       77796.50       27515.40       11029.10
23/07/31 22.03333       77762.40       27561.80       11026.50
23/07/31 22.05000       77728.20       27608.10       11023.80
23/07/31 22.06667       77693.80       27654.40       11021.00
23/07/31 22.08333       77659.20       27700.60       11018.30
23/07/31 22.10000       77624.40       27746.70       11015.50
23/07/31 22.11667       77589.40       27792.70       11012.70
23/07/31 22.13333       77554.20       27838.70       11009.90
23/07/31 22.15000       77518.90       27884.60       11007.00
23/07/31 22.16667       77483.30       27930.50       11004.10
23/07/31 22.18333       77447.50       27976.30       11001.20
23/07/31 22.20000       77411.60       28022.00       10998.30
23/07/31 22.21667       77375.40       28067.60       10995.30
23/07/31 22.23333       77339.10       28113.20       10992.30
23/07/31 22.25000       77302.50       28158.70       10989.30
23/07/31 22.26667       77265.80       28204.10       10986.30
23/07/31 22.28333       77228.90       28249.40       10983.20
23/07/31 22.30000       77191.70       28294.70       10980.10
23/07/31 22.31667       77154.40       28339.90       10976.90
23/07/31 22.33333       77116.90       28385.10       10973.80
23/07/31 22.35000       77079.20       28430.20       10970.60
23/07/31 22.36667       77041.30       28475.10       10967.40
23/07/31 22.38333       77003.20       28520.10       10964.10
23/07/31 22.40000       76964.90       28564.90       10960.90
23/07/31 22.41667       76926.40       28609.70       10957.60
23/07/31 22.43333       76887.70       28654.40       10954.20
23/07/31 22.45000       76848.90       28699.10       10950.90
23/07/31 22.46667       76809.80       28743.60       10947.50
23/07/31 22.48333       76770.50       28788.10       10944.10
23/07/31 22.50000       76731.10       28832.50       10940.60
23/07/31 22.51667       76691.40       28876.90       10937.20
23/07/31 22.53333       76651.60       28921.10       10933.70
23/07/31 22.55000       76611.50       28965.30       10930.20
23/07/31 22.56667       76571.30       29009.50       10926.60
23/07/31 22.58333       76530.90       29053.50       10923.00
23/07/31 22.60000       76490.20       29097.50       10919.40
23/07/31 22.61667       76449.40       29141.40       10915.80
23/07/31 22.63333       76408.40       29185.20       10912.10
23/07/31 22.65000       76367.20       29229.00       10908.40
23/07/31 22.66667       76325.80       29272.60       10904.70
23/07/31 22.68333       76284.20       29316.30       10901.00
23/07/31 22.70000       76242.40       29359.80       10897.20
23/07/31 22.71667       76200.40       29403.20       10893.40
23/07/31 22.73333       76158.20       29446.60       10889.60
23/07/31 22.75000       76115.80       29489.90       10885.70
23/07/31 22.76667       76073.20       29533.10       10881.80
23/07/31 22.78333       76030.50       29576.30       10877.90
23/07/31 22.80000       75987.50       29619.40       10874.00
23/07/31 22.81667       75944.29       29662.40       10870.00
23/07/31 22.83333       75901.00       29705.30       10866.00
23/07/31 22.85000       75857.40       29748.10       10862.00
23/07/31 22.86667       75813.70       29790.90       10858.00
23/07/31 22.88333       75769.70       29833.60       10853.90
23/07/31 22.90000       75725.60       29876.20       10849.80
23/07/31 22.91667       75681.20       29918.70       10845.60
23/07/31 22.93333       75636.70       29961.20       10841.50
23/07/31 22.95000       75591.90       30003.60       10837.30
23/07/31 22.96667       75547.00       30045.90       10833.10
23/07/31 22.98333       75501.90       30088.10       10828.80
23/07/31 23.00000       75456.60       30130.20       10824.50
23/07/31 23.01667       75411.00       30172.30       10820.20
23/07/31 23.03333       75365.30       30214.30       10815.90
23/07/31 23.05000       75319.40       30256.20       10811.50
23/07/31 23.06667       75273.30       30298.00       10807.10
23/07/31 23.08333       75227.00       30339.80       10802.70
23/07/31 23.10000       75180.50       30381.50       10798.30
23/07/31 23.11667       75133.80       30423.10       10793.80
23/07/31 23.13333       75086.90       30464.60       10789.30
23/07/31 23.15000       75039.80       30506.00       10784.80
23/07/31 23.16667       74992.50       30547.40       10780.20
23/07/31 23.18333       74945.00       30588.60       10775.60
23/07/31 23.20000       74897.30       30629.80       10771.00
23/07/31 23.21667       74849.40       30670.90       10766.30
23/07/31 23.23333       74801.30       30712.00       10761.70
23/07/31 23.25000       74753.00       30752.90       10757.00
23/07/31 23.26667       74704.60       30793.80       10752.20
23/07/31 23.28333       74655.90       30834.60       10747.50
23/07/31 23.30000       74607.00       30875.30       10742.70
23/07/31 23.31667       74557.90       30915.90       10737.90
23/07/31 23.33333       74508.71       30956.40       10733.00
23/07/31 23.35000       74459.20       30996.90       10728.20
23/07/31 23.36667       74409.50       31037.30       10723.30
23/07/31 23.38333       74359.60       31077.50       10718.30
23/07/31 23.40000       74309.60       31117.80       10713.40
23/07/31 23.41667       74259.30       31157.90       10708.40
23/07/31 23.43333       74208.80       31197.90       10703.40
23/07/31 23.45000       74158.20       31237.90       10698.30
23/07/31 23.46667       74107.30       31277.80       10693.20
23/07/31 23.48333       74056.30       31317.50       10688.10
23/07/31 23.50000       74005.00       31357.20       10683.00
23/07/31 23.51667       73953.50       31396.90       10677.90
23/07/31 23.53333       73901.90       31436.40       10672.70
23/07/31 23.55000       73850.00       31475.90       10667.40
23/07/31 23.56667       73798.00       31515.20       10662.20
23/07/31 23.58333       73745.70       31554.50       10656.90
23/07/31 23.60000       73693.20       31593.70       10651.60
23/07/31 23.61667       73640.60       31632.80       10646.30
23/07/31 23.63333       73587.70       31671.80       10640.90
23/07/31 23.65000       73534.70       31710.80       10635.50
23/07/31 23.66667       73481.40       31749.60       10630.10
23/07/31 23.68333       73428.00       31788.40       10624.70
23/07/31 23.70000       73374.30       31827.10       10619.20
23/07/31 23.71667       73320.40       31865.70       10613.70
23/07/31 23.73333       73266.40       31904.20       10608.10
23/07/31 23.75000       73212.10       31942.60       10602.60
23/07/31 23.76667       73157.70       31980.90       10597.00
23/07/31 23.78333       73103.00       32019.20       10591.40
23/07/31 23.80000       73048.10       32057.30       10585.70
23/07/31 23.81667       72993.10       32095.40       10580.00
23/07/31 23.83333       72937.80       32133.40       10574.30
23/07/31 23.85000       72882.29       32171.20       10568.60
23/07/31 23.86667       72826.70       32209.00       10562.80
23/07/31 23.88333       72770.80       32246.80       10557.00
23/07/31 23.90000       72714.71       32284.40       10551.20
23/07/31 23.91667       72658.50       32321.90       10545.30
23/07/31 23.93333       72602.00       32359.30       10539.40
23/07/31 23.95000       72545.29       32396.70       10533.50
23/07/31 23.96667       72488.40       32434.00       10527.60
23/07/31 23.98333       72431.30       32471.10       10521.60